>DOJHLOP02J52LD length=94 xy=4052_2575 region=2 run=R_2005_09_08_15_35_38_
29 24 29 31 27 32 29 29 29 27 32 32 31 26 31 30 25 21 30 31 28 26 21 29 32 30 31 29 28 18 31 32 32 30 28 31 31 30 32 27 30 25 31 31 26 32 31 27 30 25 32 31 30 25 31 27 22 26 28 29 24 32 29 23 32 24 32 27 29 30 25 29 21 12 32 30 27 26 22 29 24 25 23 22 3 20 10 21 26 25 9 31 29 23
>DOJHLOP02IK9M4 length=96 xy=3405_2430 region=2 run=R_2005_09_08_15_35_38_
18 26 19 24 24 23 6 31 32 29 28 17 31 25 32 25 30 32 31 23 27 21 31 31 28 32 28 31 27 30 24 16 28 27 21 30 32 29 25 17 26 19 28 31 26 20 31 27 31 30 24 31 30 24 28 30 28 32 31 26 27 32 27 21 27 27 13 32 31 27 23 21 31 27 25 19 32 29 24 31 29 26 30 18 31 30 31 29 32 21 27 21 27 27 18 27
>DOJHLOP02F21K2 length=96 xy=2377_3636 region=2 run=R_2005_09_08_15_35_38_
30 24 22 24 25 23 29 32 21 30 29 29 28 27 18 27 25 30 29 28 16 26 12 31 27 31 27 28 23 21 28 25 23 29 26 28 32 24 31 27 30 32 31 31 30 20 28 28 18 28 21 27 21 26 24 31 27 24 23 6 20 9 31 26 28 27 18 32 29 28 17 32 25 32 23 26 25 31 15 18 7 28 31 27 31 25 23 0 15 29 29 26 28 11 31 32
>DOJHLOP01C6EES length=99 xy=1185_3810 region=1 run=R_2005_09_08_15_35_38_
27 21 31 31 31 29 23 28 29 24 26 30 32 32 31 31 31 31 29 32 23 22 5 30 23 22 2 30 26 30 24 17 31 26 21 13 31 20 30 25 29 28 16 32 29 31 24 31 28 31 26 30 29 31 28 22 31 29 23 31 29 31 28 32 31 27 32 32 23 22 3 30 30 26 29 28 18 31 31 28 29 28 24 31 28 27 27 21 30 31 28 25 25 20 6 28 28 22 31
>DOJHLOP01C8Z6P length=100 xy=1215_2463 region=1 run=R_2005_09_08_15_35_38_
28 23 30 31 31 29 24 30 25 19 32 32 22 31 28 31 32 28 31 31 24 22 30 23 22 3 28 23 30 27 21 25 18 23 15 31 31 21 11 25 24 9 32 24 32 31 28 28 30 25 26 29 29 25 18 31 27 20 32 29 30 28 29 31 28 30 32 26 25 10 31 9 31 27 29 28 18 28 32 32 29 31 29 31 28 29 31 28 23 32 30 26 24 24 18 2 27 24 17 32
>DOJHLOP02FH72B length=83 xy=2140_3009 region=2 run=R_2005_09_08_15_35_38_
31 28 28 22 28 20 10 31 30 31 24 20 32 24 23 5 26 19 28 24 22 27 19 23 15 29 31 32 32 18 24 17 27 20 10 28 32 30 23 15 27 30 27 29 31 15 32 27 27 13 31 26 31 24 23 14 17 29 23 17 22 13 27 27 13 32 23 22 14 31 20 31 27 32 28 31 28 31 17 31 28 21 20
>DOJHLOP01A1W0F length=95 xy=0314_3021 region=1 run=R_2005_09_08_15_35_38_
31 28 31 28 28 31 31 28 22 30 25 25 21 7 29 24 24 31 28 30 30 26 29 31 30 31 16 31 26 25 11 31 27 28 29 28 17 29 31 29 24 32 31 31 31 30 31 27 31 31 27 31 29 27 31 26 30 30 29 29 30 31 29 28 17 27 21 31 29 31 26 23 16 31 28 17 30 25 29 28 18 32 29 28 18 26 31 30 32 31 23 28 29 28 29